0
41
2
1561
43
82
4
1563
1522
45
84
123
6
1565
1524
1483
47
86
125
164
8
1567
1526
1485
1444
49
88
127
166
205
10
1569
1528
1487
1446
1405
51
90
129
168
207
246
12
1571
1530
1489
1448
1407
1366
53
92
131
170
209
248
287
14
1573
1532
1491
1450
1409
1368
1327
55
94
133
172
211
250
289
328
16
1575
1534
1493
1452
1411
1370
1329
1288
57
96
135
174
213
252
291
330
369
18
1577
1536
1495
1454
1413
1372
1331
1290
1249
59
98
137
176
215
254
293
332
371
410
20
1579
1538
1497
1456
1415
1374
1333
1292
1251
1210
61
100
139
178
217
256
295
334
373
412
451
22
1581
1540
1499
1458
1417
1376
1335
1294
1253
1212
1171
63
102
141
180
219
258
297
336
375
414
453
492
24
1583
1542
1501
1460
1419
1378
1337
1296
1255
1214
1173
1132
65
104
143
182
221
260
299
338
377
416
455
494
533
26
1585
1544
1503
1462
1421
1380
1339
1298
1257
1216
1175
1134
1093
67
106
145
184
223
262
301
340
379
418
457
496
535
574
28
1587
1546
1505
1464
1423
1382
1341
1300
1259
1218
1177
1136
1095
1054
69
108
147
186
225
264
303
342
381
420
459
498
537
576
615
30
1589
1548
1507
1466
1425
1384
1343
1302
1261
1220
1179
1138
1097
1056
1015
71
110
149
188
227
266
305
344
383
422
461
500
539
578
617
656
32
1591
1550
1509
1468
1427
1386
1345
1304
1263
1222
1181
1140
1099
1058
1017
976
73
112
151
190
229
268
307
346
385
424
463
502
541
580
619
658
697
34
1593
1552
1511
1470
1429
1388
1347
1306
1265
1224
1183
1142
1101
1060
1019
978
937
75
114
153
192
231
270
309
348
387
426
465
504
543
582
621
660
699
738
36
1595
1554
1513
1472
1431
1390
1349
1308
1267
1226
1185
1144
1103
1062
1021
980
939
898
77
116
155
194
233
272
311
350
389
428
467
506
545
584
623
662
701
740
779
38
79
80
118
121
157
159
160
162
196
198
201
203
235
237
239
240
242
244
274
276
278
281
283
285
313
315
317
319
320
322
324
326
352
354
356
358
361
363
365
367
391
393
395
397
399
400
402
404
406
408
430
432
434
436
438
441
443
445
447
449
469
471
473
475
477
479
480
482
484
486
488
490
508
510
512
514
516
518
521
523
525
527
529
531
547
549
551
553
555
557
559
560
562
564
566
568
570
572
586
588
590
592
594
596
598
601
603
605
607
609
611
613
625
627
629
631
633
635
637
639
640
642
644
646
648
650
652
654
664
666
668
670
672
674
676
678
681
683
685
687
689
691
693
695
703
705
707
709
711
713
715
717
719
720
722
724
726
728
730
732
734
736
742
744
746
748
750
752
754
756
758
761
763
765
767
769
771
773
775
777
781
783
785
787
789
791
793
795
797
799
800
802
804
806
808
810
812
814
816
818
857
820
859
822
824
826
828
830
832
834
836
838
841
843
845
847
849
851
853
855
896
861
900
863
865
867
869
871
873
875
877
879
880
882
884
886
888
890
892
894
935
902
941
904
906
908
910
912
914
916
918
921
923
925
927
929
931
933
974
943
982
945
947
949
951
953
955
957
959
960
962
964
966
968
970
972
1013
984
1023
986
988
990
992
994
996
998
1001
1003
1005
1007
1009
1011
1052
1025
1064
1027
1029
1031
1033
1035
1037
1039
1040
1042
1044
1046
1048
1050
1091
1066
1105
1068
1070
1072
1074
1076
1078
1081
1083
1085
1087
1089
1130
1107
1146
1109
1111
1113
1115
1117
1119
1120
1122
1124
1126
1128
1169
1148
1187
1150
1152
1154
1156
1158
1161
1163
1165
1167
1208
1189
1228
1191
1193
1195
1197
1199
1200
1202
1204
1206
1247
1230
1269
1232
1234
1236
1238
1241
1243
1245
1286
1271
1310
1273
1275
1277
1279
1280
1282
1284
1325
1312
1351
1314
1316
1318
1321
1323
1364
1353
1392
1355
1357
1359
1360
1362
1403
1394
1433
1396
1398
1401
1442
1435
1474
1437
1439
1440
1481
1476
1515
1478
1517
1556
1597
1519
1520
1558
1599
1
83
5
1523
87
165
9
1527
1445
91
169
247
13
1531
1449
1367
95
173
251
329
17
1535
1453
1371
1289
99
177
255
333
411
21
1539
1457
1375
1293
1211
103
181
259
337
415
493
25
1543
1461
1379
1297
1215
1133
107
185
263
341
419
497
575
29
1547
1465
1383
1301
1219
1137
1055
111
189
267
345
423
501
579
657
33
1551
1469
1387
1305
1223
1141
1059
977
115
193
271
349
427
505
583
661
739
37
119
161
197
243
275
279
321
325
353
357
403
407
431
435
439
481
485
489
509
513
517
563
567
571
587
591
595
599
641
645
649
653
665
669
673
677
723
727
731
735
743
747
751
755
759
801
805
809
813
817
895
821
899
825
829
833
837
883
887
891
973
903
981
907
911
915
919
961
965
969
1051
985
1063
989
993
997
1043
1047
1129
1067
1145
1071
1075
1079
1121
1125
1207
1149
1227
1153
1157
1203
1285
1231
1309
1235
1239
1281
1363
1313
1391
1317
1395
1473
1555
1399
1441
1477
1559
40
122
204
286
368
450
532
614
696
778
860
942
1024
1106
1188
1270
1352
1434
1516
1598
46
1568
1490
1412
1334
1256
1178
1100
52
134
216
298
380
462
544
626
708
790
872
954
1036
1118
1160
1242
1324
1406
58
1580
1502
1424
1346
64
146
228
310
392
474
556
638
680
762
844
926
1008
1090
1172
70
1592
154
236
318
360
442
524
606
688
770
852
934
1016
210
222
374
386
538
550
702
714
866
878
1002
1030
1166
1194
1262
1358
1418
1482
1508
31
72
1590
944
983
1022
1098
1139
1180
1254
1295
1336
1344
1385
1426
1436
1475
1514
1488
1529
1570
1500
1541
1582
39
78
1560
54
93
132
1576
66
105
144
124
163
202
156
195
234
218
257
296
230
269
308
280
359
398
288
327
366
382
421
460
394
433
472
444
483
522
452
491
530
546
585
624
558
597
636
608
647
686
616
655
694
682
721
760
710
749
788
772
811
850
780
819
858
846
885
924
874
913
952
936
975
1014
1010
1049
1088
1038
1077
1116
1108
1147
1186
1162
1201
1240
1248
1326
1365
1404
1272
1311
1350
1092
1131
1170
1420
1459
1498
1264
1303
1342
1510
1549
1588
7
48
1566
130
171
212
294
335
376
458
499
540
622
663
704
786
827
868
950
991
1032
1114
1155
1196
1278
1319
1320
1402
1443
1484
142
183
224
306
347
388
470
511
552
634
675
716
798
839
840
922
963
1004
1332
1373
1414
19
60
1496
1537
1578
1086
1127
1168
1209
1250
854
893
932
698
737
776
1190
1229
1268
238
277
316
42
81
120
526
565
604
370
409
448
1020
1061
1102
136
175
214
253
292
464
503
542
581
620
956
995
1034
1073
1112
148
187
226
265
304
600
679
718
757
796
1408
1447
1486
1525
1564
1512
1553
1594
1184
1225
1266
1307
1348
928
967
1006
1045
1084
76
117
158
199
200
241
282
364
405
446
487
528
569
610
692
733
774
815
856
897
938
1338
1377
1416
1455
1494
312
351
390
429
468
628
667
706
745
784
1244
1283
1322
1361
1400
862
901
940
979
1018
1057
1096
1354
1389
1393
1428
1430
1432
1467
1471
1506
794
835
876
917
958
208
249
290
331
372
413
454
3
44
85
126
1480
1521
1562
1174
1213
1252
1291
1330
302
343
384
425
466
507
548
589
630
1026
1065
1104
1143
1182
1221
1260
11
50
89
128
167
206
245
284
323
362
401
440
1572
476
515
554
593
632
671
712
753
792
831
870
909
948
15
27
56
68
97
109
138
150
536
577
618
659
700
741
766
782
823
864
905
946
987
1028
1069
1082
1110
1123
1151
1164
1192
1205
1233
1246
1274
1287
1328
1369
1410
1451
1492
1533
1574
23
35
62
74
101
113
140
152
179
191
220
232
261
273
300
314
339
355
378
396
417
437
456
478
495
519
520
534
561
573
602
612
643
651
684
690
725
729
764
768
803
807
842
848
881
889
920
930
971
999
1000
1012
1041
1053
1080
1094
1135
1159
1176
1198
1217
1237
1258
1276
1299
1315
1340
1356
1381
1397
1422
1438
1463
1479
1504
1518
1545
1557
1584
1586
1596
